Código	Año	mes	Dia1	Dia2	Dia3	Dia4	Dia5	Dia6	Dia7	Dia8	Dia9	Dia10	Dia11	Dia12	Dia13	Dia14	Dia15	Dia16	Dia17	Dia18	Dia19	Dia20	Dia21	Dia22	Dia23	Dia24	Dia25	Dia26	Dia27	Dia28	Dia29	Dia30	Dia31
M0470	1982	1	8	2	10	9	7	8	7	8	0	0	0	5	4	7	2	32.5	4.8	0	2	0	72	8	20.2	0	0	0	4.8	7.2	41.4	0.9	148.2
M0470	1982	2	0	5.2	42.1	34.8	42.5	8	1	0	0	10	9	76.4	2.1	0	0	0	0	14	3	9	7	3	4.8	62.6	6.5	64.2	0	4.2	NULL	NULL	NULL
M0470	1982	3	0	53	0	0	0	0	70.3	23.2	0	0	0	0	53.2	52.3	0	0	0	0	0	0	0	0	0	0	0	0	0	0	0	0	0
M0470	1982	5	0.6	0	0.4	0.8	3	7	50.2	36.6	2.2	1.6	0.3	1.5	14.5	0	0.1	0.3	25.1	1.1	4.5	0.3	22.3	6	0	0	0.7	0	0	0	0	0	0
M0470	1982	6	0	0	0	0	0	0	0	0	0	0	0	0	0	0	0	0	0	0	0	0	0	0	0	0	0	0	0	0	0	0	NULL
M0470	1983	7	NULL	NULL	NULL	NULL	NULL	NULL	NULL	NULL	NULL	NULL	NULL	NULL	NULL	NULL	NULL	NULL	NULL	NULL	NULL	NULL	17	3.5	3.8	0	1	9.2	9.9	0	0	0	0
M0470	1983	8	44.8	2	14.5	3.4	0	31	0	0	0	0	0	0	0	0	0	0	0	0	0	0	0	0	0	0	0	0	0	0	3.9	0	15.6
M0470	1983	9	0	0	0.6	0	0	0	0	26.3	0	37.3	0	30.8	6.8	33.1	0	0	0.9	3.8	0	0.2	0	1.5	1.8	0	0.5	0.1	0.2	0	1.2	0	NULL
M0470	1983	10	0	0	0	0	0	0	0.2	0	0	0	0	0	0	0	64.5	1.5	1.8	0	0.8	0.7	0	0	0	0	0	0	0.5	0	0	16.9	2.2
M0470	1983	11	0	0	0	0	0	0.9	0	0	0	0.3	0	0	0	0	0.8	0.2	1.5	0.3	0.4	0	6.8	0.5	0	0	0	34.4	1.2	70.2	0.5	20.3	NULL
M0470	1983	12	0.7	0	2.8	0.5	14	0	0	0	0	0	0	2.6	0	0	0	0	0	0.9	1.5	0	0	0	0	0	0	11.4	0	3.2	15	32.4	14.9
M0470	1984	1	0.6	0	0	0	0	0	0	1.4	0	0	0	0	0	0	2.4	0.3	0	4.4	0.5	55.5	20.5	0	0	0	0	0	0	0	4.3	35.3	7.4
M0470	1984	2	0.8	3.6	7.3	6.8	21.2	38.1	31.3	5.1	2.4	0.1	14.6	20.1	20.4	10.4	17.8	3.7	9.7	11.8	41.2	23.8	50.2	0.7	12.7	15	109.2	0.7	0	33.2	11.1	NULL	NULL
M0470	1984	3	4.8	23.4	9.9	1.4	24.5	2	2.1	0.6	39.6	35.2	34.4	0.8	37.9	39.3	35.8	3.4	1.6	0	0	1.5	0.3	12	19.2	0	0	21.5	0.6	0.2	0.3	0.8	70.8
M0470	1984	4	0.9	0	15.3	0.4	0.2	0	0.1	67	0	0.4	12	29.3	0	0	4.1	2.5	0	1.1	0	11.3	0.2	37.7	22.2	0.3	4.9	6.2	45	6.8	19.2	10.2	NULL
M0470	1984	5	0.2	0.8	0	0	0.6	0	1.8	0	1.7	0	0	0	0	0	0	0.3	0	0	0	0.5	0	0	0	0.3	0	0	1.5	0	0	0	0
M0470	1984	6	0.2	0.3	0	0	0	0.8	0	3.4	9.9	0	2.5	0	4.4	6.1	0.5	0	0	0	0	0	0	0	0	0	0	0	0.2	0.4	0	0	NULL
M0470	1984	7	0	0	0	0	0	0	0	0	0.4	0	0	0.6	0.5	0	0	0	0	0	0	0	0.3	0	0	0	0.2	0	0	0	0	0	0
M0470	1984	8	0	0	0	0.1	0	1.2	0.2	0	0	0	0	0.4	0	0	0	0	0	0	0	0	0	0	0	0	0	0	0	0.3	0.4	0.4	0
M0470	1984	9	0	0	0	0	1.3	0.5	0	0	2.7	0.4	0	0	0.2	0.6	0	0	1.2	0	0.4	0.1	0.3	0	2.5	0	0	0	0.9	0	0	0	NULL
M0470	1984	10	0	0	0	0	0	0.9	0	0	0	0	0	0	0	0	0	0	0.5	0	0.5	0	0	0	0.2	0.2	0	0	0	0	0	0	0
M0470	1984	11	0	0	0	0	0	0	0	0	0	0	0	0	0	0	0	0	0	0	0	0	0.6	0	0	15	0.9	0.7	0.4	0	0	0	NULL
M0470	1984	12	2	0	0.5	21.1	0.8	0	0	4	0	0.3	0.2	0	0	0	5.5	2.6	0	5.2	1.4	1.4	0	13.4	0	7.2	2	0.8	1	0	4.2	3.1	11.7
M0470	1985	1	20.1	30	7.6	0	1.2	22	12.2	0	2.8	0	8.2	4	3.6	0.3	2.5	0	8.6	0	3	17	0.4	13.4	0	22.5	1.2	9.4	0	2.5	5.7	0	0.5
M0470	1985	2	0	0	0	0	6.2	0	9.5	0	19.5	0.6	21.6	12	2.8	2.9	0.6	5.1	0	6	22	0.3	3.1	41.6	0.3	28.3	1	3.2	0.4	0	NULL	NULL	NULL
M0470	1985	3	16.3	2.8	9.6	0	27.2	6	13	64.5	12.1	18.7	40.7	0	0.7	22.9	0	4	0	84.9	0	0	0	1.3	0	0	0	0	0	1.1	0	0	0
M0470	1985	4	0	0	0	0	0	0.6	0	0	2	0	0	0	1.6	0.4	16.2	7	2.3	4.1	0.4	0	0.5	8.9	122.6	36.2	0.3	0	0	0	0	0	NULL
M0470	1985	5	0	0	0.5	0	0	0	1.1	0	0.4	42.1	0.7	0	6.1	3.2	0	0	0.3	7.7	0	0	0	0	0.4	0	0	0	0.6	0	0	0	0
M0470	1985	6	20	0	0.2	0	0	0	0	0	0	0	0	0	0	0	0	0	0	0	0	0	0	0	0	0	0	0	0	0	0	0	NULL
M0470	1985	7	0	0	0	0	0	0	0	0	0	0	0.1	0	0	0	0	0	0	0	0	0	0	0	0	0	0	0	0	0	0	0	0
M0470	1985	8	0	0	0	0	0	0	0	0	0.3	0	0	0	0	0	0	0	0	0.3	0	0	0	0	0	0	0	0	0	0	0	0	0
M0470	1985	9	0	0	0	0	0	0	0	0	0.5	0	0	0	0	0	0	0	0	0	50.8	0	0	0	0	0	0	0	0	0	0	0	NULL
M0470	1985	10	0	0.2	0	0	0	0	0	0	0.4	0.3	0	0	0.2	0	0	0	0	0	0	0	0	0	0	0	0	0.2	0	0	0	0	0
M0470	1985	11	0	0	0	0	0	0	0	0	0	0	0	0	0	0	0	0.2	0.2	2.3	0	0	0	0	0	0	0	0	0	0	0	0	NULL
M0470	1985	12	0	0	0	0	0	0	0	0	0	0	0	0.5	0	0	26.4	1.9	63	3.1	0.5	12.4	3.1	2.8	3.6	13.9	24.8	63	16.4	7.1	0.2	0	0
M0470	1986	1	0.7	48.4	22.8	1	39.9	5.2	7.4	7.4	0.4	19.2	2.1	12.5	12.3	22.9	4.7	21.9	0.4	92.5	46.2	0.2	11.3	96.2	50.8	24.8	27.7	25.9	2.2	30.5	5.5	0.5	6.7
M0470	1986	2	15.5	0	61	0.6	3.2	17.9	26.4	22.3	0	3.7	0	17	5.7	6.8	9.4	1.2	31.3	6	0	0	24	20	15.8	2.6	0	24.2	0.9	1.9	NULL	NULL	NULL
M0470	1986	3	0	1.7	18.7	0.8	1.2	0	9.6	0.7	0.4	3.6	1.6	0	3	0	8.8	0.5	1.1	0	0	0	0	0	33	1.9	1.3	0	4.5	3.1	1.6	0.7	0.7
M0470	1986	4	21.7	1.1	17.9	0.8	13.8	10	7.1	5.9	4.1	3.6	0	0	4.2	2.3	38.2	3.4	37.1	20.6	4.8	6.2	20.7	9.1	44	6.2	24.9	6.5	14.2	2.3	0.7	3.9	NULL
M0470	1986	5	0	0	0	1.1	9.9	6.2	0	0.8	0	0	0	0	0	0	0	0	0	0	0	0	0	0	0	0	0	0.8	2.7	1.6	0.4	0	0
M0470	1986	6	0	0	0	0	0	0	0	0	0	0	0	0	0	0	0	0	0	0	0	0	0	0	0	0	0	0	0	0	0	0	NULL
M0470	1986	7	0	0	0	0	0	0	0	0	0	0	0	0	0	0	0	0	0	1.2	0	0	0	0	0	0	0	0	0	0	0	0	0
M0470	1986	8	0	0	0	0	0.7	0	0	0	0	0	0	0	0	0	0	0	1	0.3	0	0	0.4	0	0.2	0	0	0	0	0	0	0	0
M0470	1986	9	0	0	0	0	0	0	0	0	0	0	0	0	0	0	0	0	0	0	0	0	0	0	0	0	0	0	3.1	0.5	0	0	NULL
M0470	1986	10	0	0	0	0	0	0	0	0	0	0	0	0	0	0	3.2	0	0	0	0	0	0	0	0	0	8.8	7.6	0	0	0	0	0
M0470	1986	11	0	0	0	0.7	0	0	0	1.9	0	0	0	0	0	0	0	0	0	6.6	0.2	0	1.2	0	0	0	8	0	0	0	0	0	NULL
M0470	1986	12	0	0	0	0	0	0	0	0	0	0	0	0	2.2	4	1.8	0	2.4	3.9	0.6	0	0	0	6.7	0.6	0	41.6	11.6	0	1.7	0.7	0
M0470	1987	1	0	19.5	0	55.3	0	5.9	49.4	8.7	8.4	0.4	0	10.5	3.9	11.4	13.5	19.6	0	16.5	59	4.4	38.5	63.3	0	0	23.3	9.7	20	0	4.6	12.5	19.4
M0470	1987	2	4.1	0.6	40.2	15	76.9	5.5	13.2	2.1	2.2	0	3.1	0.7	78.2	6	0	33.4	0.7	0.8	0	15.8	20.5	17	0.7	2	35.6	14.7	33.3	5.7	NULL	NULL	NULL
M0470	1987	3	5.5	1.3	6.8	20.7	0	0	4.7	0	16	0	0.5	68.5	0	108.2	0	48.6	39.3	0	27.8	0	50.6	0	1.6	0	8.4	71.2	31	0	0	72	1
M0470	1987	4	96.7	0	0.8	0	87	1.1	9.1	4.6	0.2	9.6	0.2	0	0	0	12.8	1.8	0	14.7	4.4	0	21.8	0.3	0.5	8.2	4.4	49.2	40.3	62.8	20.8	12	NULL
M0470	1987	5	1.6	0	68.1	1.8	2.3	0	129.6	0.4	0	0	0	0	0.6	23.9	0	0	0	18.1	61.1	0	0	6.2	0	0	0.6	0	3.1	0	0	0	1.6
M0470	1987	6	0	0	0	0	0	0	0	0	0	0	0	0	0	0	0	0	0	0	0	0	0	0	0	0	0	0	0	0	0	0	NULL
M0470	1987	7	0	0	0	0	0	0	0	0	0	0	0	0	0	0	0	0	0	0	0	0	0	0	1.3	0	0	0	0	0.3	0	0	0
M0470	1987	8	2.3	0	0.3	36.1	0	0	0	0	0	0	0	0	0	0	0	0	0	0	0	0	0	0	0	0	0	0	0	0	0	0	0
M0470	1987	9	0	0	0	0	1.9	0	0	0	0.8	4	0	0	0	0	0	0	0	0	0	0	0.4	0.2	0	0	0	1.6	0	0	0	0	NULL
M0470	1987	10	0	0	0.6	0	0	0	0	0	0	1.9	0.3	0	0	0	0	0	0	0	0	0	0	0	0	0	0	0.8	0	0	0	0	0
M0470	1987	11	0	0	0	0	0	0	0	0	0	0	10	0	0	12.1	0	0	0	0	28	0.2	0	0	0	0	0	0	0	0	0	0	NULL
M0470	1987	12	0	0	0	0	0	0	0	0	0	0	0	0	0	0	0	0	0	5	0	10.4	0.7	0	0	6.9	0	3.7	1.3	11.4	1.2	1.3	1.1
M0470	1988	1	0	4.1	0	0	0	0	13.4	0	27.6	0	10.6	11.4	3.6	22.6	37	5.4	1.8	0	19.4	16.5	11.7	19.9	62	41.4	25.1	2	8.2	1.2	61.9	4.9	0.8
M0470	1988	2	9.9	2	17.5	78.8	4.2	4.2	0	3.5	21.8	0.5	67.4	0.9	29.5	2.4	2.5	0	15.2	0	0	26.5	46.2	1	12.7	19.6	70.8	5.1	0	0	29.6	NULL	NULL
M0470	1988	3	2.3	7.3	35.9	0	8.8	0	0	0	0	0	0	0	0.5	0	0	5.7	0	0	0	7.6	0	0	0	0	0	0	14.1	0	0	0	0
M0470	1988	4	0	1.2	0.4	0	5.5	1.9	22.4	11.4	6.7	0.3	1.5	25.1	0	63.2	3.8	46.3	0	0	12.8	1.5	0	5.9	1.8	0	0	0	1.9	0	24.2	10	NULL
M0470	1988	5	3.6	0	0	0.4	7	0	35	9	26.2	5.5	29	0	0	0	0	0	0	0	0	0	0	0.4	1.2	0	0	0	0	8.5	6.5	0	0
M0470	1988	6	0	2.2	0	0	0	0	0	0	0.4	0	0	0	0	0	0	0	0	0	0	1.9	0	0	0	0	0	4.4	0	0	0	0	NULL
M0470	1988	7	0	0	0	0	0	0	2.3	0	0	0	0	0	0	0	0	0	0	0	0	0	0	0	0	0	0	0	0	0	0	0	0
M0470	1988	8	0	0	1.1	0	0	0	0	0	0	0	0	0	0	0	0	0	0	0	0	0	0	0	0	0	0	0	0	0	0	0	0
M0470	1988	9	0	0	0	0	0	0	0	0	2.8	0	0.7	0	0	0.3	0	0	0	0	0	0	0	0	2.8	0	0	0	0	0	0	0	NULL
M0470	1988	10	0	0	0	0	0	0	0	0	0	0	0	0	0	0	0	0	0	0	0	0	0	0.7	0	0	0	0	0	0	0	0	0.4
M0470	1988	11	0	3	0	0	1.2	0	0	1	0	0.3	0	0	0	0	0	0	0	0	0	0	0	0	0	0	0	0	0	0	5	0	NULL
M0470	1988	12	0	0	0	0	0	0	0	11.4	0	0	0	0	24	0	12.1	0	0	0	2.6	0	0	0	0	5	0	20	17.2	3.9	3.6	0	5.4
M0470	1989	1	0	18	26.1	30.1	10.6	2.2	1.2	0	0	4.9	11.2	5.2	21	6.2	2.8	2	1.2	3.5	9.4	3.7	3.5	19.3	0	21.8	18.1	63.4	8	3.6	39.9	30.6	46.2
M0470	1989	2	2.8	79.8	36.4	7.9	7.2	1.6	15.9	13.6	17.8	7.4	1	0.6	0	1.1	80.8	0.6	71.4	15.5	63	4.2	4.4	6.7	12.1	1.9	0	13.9	42.7	0	NULL	NULL	NULL
M0470	1989	3	5.7	29.5	2.8	0	48.5	17.8	0.2	38.5	3.6	21.5	18.2	5.6	1.9	9.2	63.5	28.9	2	9.2	0	0	23.8	4	0	0	0	5	6.7	23	23.9	52.5	0
M0470	1989	4	16.4	62.9	2.8	10.2	29	0	0	26.2	5.8	13.8	12.5	4.7	0	31.7	7.1	0	20.4	15.4	15.5	7.3	2.3	6.6	0	4.2	79.9	0	0	80.5	0	0	NULL
M0470	1989	5	22.7	0	2	0	0	34.2	6.3	0	11.1	0	1.8	0	2.4	0	0	0	0	0	0.7	0	0	0	0	0	1.9	0	0	0	0	4.6	0
M0470	1989	6	0	0	0	0	0	0	0	0	0	0	0	0	0	0	0	0	0	0	0	3.3	0	0	0	0	0	0.7	5.5	4.7	0	1.5	NULL
M0470	1989	7	0	0	0	0	0	0	0	0	0	0	0	0	0	0	0	0	0	0	0	0	0	0	0	0	0	4	0	0	0	0	0
M0470	1989	8	0	0	0	0	0	0	0	0	0	0	0	0	0	0	0	0	0	0	0	0	0	0	0	0	0	0	0	0	0	0	0
M0470	1989	9	0	0.4	0	0	0	0.8	0	0	0	0	0	0	0	0	0	0	0	0	0	0	0	0	0	0	0.5	0	0	0	0	0.3	NULL
M0470	1989	10	0	0	0	0	0	0	0	0	0	0	0	0	9.3	0	0	0	0	2.8	2.9	0	0	0.8	0.6	4	0	0.7	0	0	0.4	0	0
M0470	1989	11	0	8.8	1.4	0	0	0	0	0	0	0	0	0	0	0	0	0	0	0	0	0	4.2	0.4	0	0	0.9	0	0	0	0	0	NULL
M0470	1989	12	0	0	0	0	0	0	0	0	0	0	0	0.6	0	0	0.8	0	0.3	0	4.6	0	0	12.4	53.8	9.5	6.6	10.6	0	3	1.9	0	0
M0470	1990	1	0	0	0	1.2	0.3	0	0	0	4.3	9.5	2.2	4.4	1.7	0	6.5	2.7	0	0	6.3	6.3	3.1	5.9	6.6	46.7	13.8	3.5	19	40.6	3.4	9.2	4.6
M0470	1990	2	10.2	16.7	0	8.3	26.4	5.4	3.2	13.7	0	4.6	2.3	9.8	0	84.3	0	96.5	12.8	1.3	7.2	0	81.6	14.2	8.2	0	0	18.7	0	0	NULL	NULL	NULL
M0470	1990	3	0	0	0	72	5.7	1.8	8.5	0	0	0	0	0	0	0	0	0	27.5	5.6	2.1	40.1	5	3.9	4.8	72.3	0.7	0	3	0	0	0	0
M0470	1990	4	0	5.5	56.1	0	0	0	0	3	2.9	0	13.9	1.8	0	0	19.8	0	3.1	0	22.7	0	2.6	0	8.3	13.9	0	32.6	0	0	0	0	NULL
M0470	1990	5	0	7	2.7	1.1	0	0	0	0	0	0	1.1	0	0	4.6	0	0	0	1.3	0	0	0	0	0	0	0	0	0	0	0	0	0
M0470	1990	6	22.2	0	3.7	0	0	0	0	0	0	3.6	0	0.6	0	0	0	0	0	0	0	0	0	0	0	0	0	0	0	0	0	0	NULL
M0470	1990	7	0	0	0	1.3	0	0	0	0	2.6	0.4	0	0	0	0	0	0	0	0	0	0	0	0	2	0	0	0	0	0	0	0	0
M0470	1990	8	0	0	0	0	0	0	0	0	0	0	0	0	0	0	0	0	0	0	0	0	0	0	0	0	0	0	0	0	0	0	0
M0470	1990	9	0	0	0	0	0	0	0	0	0	0	0	0	0	0	0	0	0	0	0	0	0	0	0	0	0	0	0	0	0	0	NULL
M0470	1990	10	2.8	0	0	0	0	0	1.9	0	0.4	7.1	0	0.2	0	0	0	0	0	0	0	0	0	0.3	0	0	0	0	0.7	0	0	0	0
M0470	1990	11	0	0	0	0	0	0	0	0	0	0	4.1	0	0	0	0	0	0	0	0	0	0	0	0	0	0	0	0	0	0	0	NULL
M0470	1990	12	0	0	0	4.3	0	0	0	0	0	0	0	0	0	0	0	0	0	0	6.6	0	0	19.3	5.5	2.2	0	1	0.2	0.7	3.6	0.7	0.2
M0470	1991	1	0	0	0	0	0	0	0	0	0	0	0	0	0	0	0	0	0	0	10	1.3	1.3	0	0	6.1	0	33.7	0	49.2	0	27.3	18.7
M0470	1991	2	28.6	97.7	8.3	23.5	11.9	18.7	30.5	0.7	24.6	40.5	3.3	0.7	20	4.5	2.1	2.9	5.6	35.1	17.8	86.5	24.1	1	27.9	0	12.5	1.5	36.3	17	NULL	NULL	NULL
M0470	1991	3	0	0	0	16.7	0.3	0	0	0.3	0.8	0.6	0.7	1.7	1.5	48.6	23.5	28.3	37.6	37.6	48.3	3.5	19.3	22.2	94.7	0.3	2.6	15.3	15.1	6.8	0	0	1.8
M0470	1991	4	0	0	1.5	0.4	2.7	5.8	0	12.5	0.3	3.6	1.5	4	0.5	0	0	41.7	2.4	1.5	0	2	15.1	0.2	1.7	0	0	24.2	10.5	10.7	54	0.4	NULL
M0470	1991	5	0	2.6	3.2	0.6	8.9	7.8	1.7	0	0	0.8	0.5	0	0	0	3.5	32.9	1.8	0	0	0	0	0	0.2	1.8	3.5	0.2	0	0	0	0	0
M0470	1991	6	0	0	0.2	0.2	0	0	0.1	0	0	0	0	0	0	0	0	0	0	0	0	0	0.1	0	0	0	0	1.1	0	0	0	0	NULL
M0470	1991	7	0	0	0	0	0	0	0.1	0	0	0	0	0	0	0	0	0.1	0	0	0	0	0	0	0	0	0	0	0	0	0	0	0
M0470	1991	8	0.1	0	0	0	0	0	0	0	0	0	0	0	0	0	0	0	0	0	0	0	0	0	0	0	0	0	0	0	0	0	0.1
M0470	1991	9	0	0	0	0	0	0	0	0	0	0	0	0	0	0	0	0.1	0	0	0	0	0	1.2	0	1.1	0	0	0	0	0	0	NULL
M0470	1991	10	0	0	1.1	0	0.1	0	0	0	0.7	7.3	0	0	0	0	0	0	0	4.1	0	0	0	0	0	0	0	0	0	0	0	0	0
M0470	1991	11	0	0	0.3	0	0.1	0	0	0	0	0.1	0	0	0	0	0	0.1	0	0	0	0	0	0	0	0	0	0	52.7	0.1	0	0.1	NULL
M0470	1991	12	0	2.2	0	0	0	1.2	1.1	0	0	16.6	3.9	11.5	10.1	2.1	1.5	0	1.2	1.3	2.5	0	6	5	0	0	49.4	40.3	57.7	2.7	0	10.3	5.4
M0470	1992	1	0	22.4	46.7	7	1.8	1.2	0	5.9	0	0	0	2.8	33.3	12.7	0	45	2.5	21.3	36	39.5	29.6	0	6.1	39.5	14.5	87.3	25.6	7.5	74.3	11.9	0
M0470	1992	2	20	35.9	17.4	33.9	0	0	7.3	17.6	5	115.5	59.7	7.2	0	26.1	17.8	0	19.3	0.7	2.3	6.8	37.6	13.9	21.5	12	10	0	17.4	13.9	13.2	NULL	NULL
M0470	1992	3	10.5	12.5	4.1	36.7	31.2	24.3	9.3	8.4	35.5	1.2	21.5	24.4	11.8	0	0	32.5	10.3	18.4	26.1	0	83.8	0	0	65.1	0	15.3	2.2	2.1	23.8	9.5	8.5
M0470	1992	4	7.4	8.2	16.4	51.5	0	0	53.8	0.8	80.3	66.8	0.5	29.1	3.2	24.2	0	8	0	8.8	2.3	62.1	53.5	37.4	0	0	6.4	0	112.1	24.6	36	0	NULL
M0470	1992	5	45.8	0	0	0	42	4.4	0	2.2	0	103.4	1.3	0	158.6	20.7	20	0.8	65.4	0	0	6.7	1.5	19.9	0	0	30.7	3	23.4	1	0.6	12.3	27.8
M0470	1992	6	0	0	0	4.8	40.2	9.3	0	0	14.5	0	0	0	0	0	0	0	0	0	0	0	0	0	0	0	0	0	0	0	0.3	0.1	NULL
M0470	1992	7	0	0	0	0.7	0	0	0	0	0	0	0	0	11	4	0	0	1	0	0	0	0	0	0	0	0	0	0	0	0	0	0
M0470	1992	8	0	0	0	0	0	0	0	0	0	0.2	0	0	0	0	0	0.1	0	0	0.1	0	0.1	0	0	0.1	0	0	0	0.1	0	0	0
M0470	1992	9	0	0	0	0	0.5	0	0.2	0	0	0	0	0	0	0.1	2	2	0.5	0	0	0	0	0.3	0	0	0	0.2	0	0	0	0	NULL
M0470	1992	10	0	0.1	0	0	0	0	0	0	0	0	1	0.1	0	0	0	0	0	0	0	0	0	0.1	0.4	0.1	0	0	0	0	0	0	0
M0470	1992	11	0	0	0.2	0.1	0	0	0	0	0	0	0	0	0	0	0	0	0.2	0.4	0	0	0	0	0	0	0	0	0	0.2	0	0.1	NULL
M0470	1992	12	0	0	0	0	0	0	0.1	0.1	0	0	0	0	0	0	0	0	0.3	0	81	2.6	29.1	0.4	4.3	0	1.5	1	0	1.2	0	0.2	0.1
M0470	1993	1	0	13.7	0.1	19.5	23.3	3.5	9.3	0	0	0	0	2.5	11	2.8	0.5	47.2	31.8	12.8	0.2	8.2	0.1	13	10.5	0	81.1	7.8	4.2	2.5	15.1	54.1	0
M0470	1993	2	NULL	21.5	39	11.7	1.5	11	24.6	3.2	36.5	55.9	4.5	0	0	46.5	13.1	43.5	35.2	64.6	10	0	0	0	25.5	78.6	18.6	59.1	10.7	0.2	NULL	NULL	NULL
M0470	1993	3	NULL	0.1	1.2	0.3	2.6	155	39.8	12.3	0	103.2	0	0.1	8.5	0.5	29.6	28.6	0	0	4.2	28.6	12.3	9.3	1.1	8.2	8.1	0.6	12.2	2	44.4	0	15.4
M0470	1993	4	8.5	14	0.2	5	61	86.4	0	2.2	9.3	0.2	0.5	12.7	39.2	0	37.5	0.5	10.7	76	0	10.7	0.1	47.1	5.5	0.2	12.3	18.4	6	36.7	0.3	7	NULL
M0470	1993	5	NULL	36.5	36.1	0.7	0.2	0	2.8	0	1.6	0.2	0	0	0	0	7.5	0.2	23.8	20.8	0	1.8	0	0.6	1	0.1	0	0.1	2.3	0	0	34.5	2.3
M0470	1993	6	0	13.7	2.1	0	0	0	0	0	0	0	0	0	0	0	0	0	0	0	0	0	1	0	0.1	0	0	0	0	0	0	0	NULL
M0470	1993	7	0	0	0	0	0	0	0.2	0	0	0	0	0	0	0	0	0	0	0	0	0	0	0	0	0	0	0	0	0.1	0.1	0	0
M0470	1993	8	0	0	0	0	0	0	0	0.2	0	0.1	0	0	0	0	0	0	0	0	3.5	0.1	0	0	0	0	0	0	0	0.1	0.1	0	0
M0470	1993	9	0	0	0	0.3	0	0	0	0.1	0	0.2	0	0	1.8	0.1	2.1	0	0	0	0	0	0	0	0	0	0	0	0	0	0	0	NULL
M0470	1993	10	0	0.2	0	0	0.4	0	0	0	1.5	0	0	0	0	10	0	0.1	0	0.1	0	0	0	0	0	0	0	0	0	0	4.2	1	0
M0470	1993	11	0	0.2	0	0	0	0	0	0	0	0	0	0	0	0	0	0	0	0	0	0	0	0.1	0.1	0	0	0	0	2.8	0	0	NULL
M0470	1993	12	0	6.1	0	0	0.1	0	9.1	0.1	0	0	18.1	0.1	3.3	0	0.1	0.1	3.2	4.8	0	2.5	1.2	4.2	0.7	73.2	2.5	20.2	1.5	37	0	0.1	0
M0470	1994	1	0	3.6	0.1	0	1.1	60	10.9	13.2	1	31.4	0.1	16.5	28.3	11.2	14	1	0.1	34.2	3.4	3.6	2.4	2.1	13.1	1	23	1.5	11.1	0	4	128.2	18.9
M0470	1994	2	5.8	42	2.4	0	50.5	0	12	5.1	41.5	9.7	0.1	10	27.8	15.9	0	64.5	0.2	2.6	0.1	4.8	0.2	8.4	0	31.4	9.9	5.8	43.6	12.2	NULL	NULL	NULL
M0470	1994	3	80.6	6.2	35.8	0.2	0	0	0.2	5.3	1.9	0	5.3	11.1	4.2	1.1	0	0	0.1	0	26.6	25.3	0	9.5	0.2	0	0	31.8	14.3	25.4	16.7	26.4	0
M0470	1994	4	6.4	0.5	1.3	14.5	13.4	22.9	2.4	1.6	0	1	0	12.6	8.2	1.5	0	11.5	31.4	14.4	0	7.5	6.2	10.3	0	9.5	28.2	0	38	0.1	5.7	62.2	NULL
M0470	1994	5	0	0	2.7	6.8	0.2	0	0	0.1	0	0.5	10.3	0	5.2	0	11.2	4.5	25	0	0	0	0	0	0	0	0	0	0.1	0	0.2	2.4	2.5
M0470	1994	6	0	0	0	0	2.6	0.1	0	3.7	0.1	3	0	0	0	0	0	0	0	0	0	0	1.4	0.1	0	0	0	0	0	0	0	1.6	NULL
M0470	1994	7	0	0.5	0	0	0	0	0	0	0	0	0	0	0	0	0	0	0	0	0	0	0	0	0	0	0	0	0	0	0	0	0
M0470	1994	8	0	0	0	0	0	0	0	0	0	0	0.1	0	0	0	0	0	0	0.1	0.1	0	0.1	0	0	0	0	0	0	0	0	0	0
M0470	1994	9	0	0	0	0	0	0.1	0	0	0	0	0	0	0	0	0	0	0	0	0	0	0	0	0	0	0.1	0	8.9	0	0	0	NULL
M0470	1994	10	0	0	0	0	0.1	0	37.3	0.2	0	0	0.2	0	0	0	0.1	0	0	0	0	0	0	0	0	0	0	0	0.1	0	0	0.1	0
M0470	1994	11	0	0	0	0	0	0	0	0	0	0	0	0	0	0	0	0	0	0	0	0	0	0	0	0	0	0	0	0	0	0	NULL
M0470	1994	12	0	0.1	0	0	0	1	0	0.1	0	0.1	0	0	0	10.2	30.8	2.5	7.5	10.6	0.2	8.6	24.7	18.8	5.8	41.7	94.3	7.8	18	1.2	1	0.1	0.1
M0470	1995	1	0	43.3	24.6	1.2	18.4	10.9	3.4	3.6	83.8	3.6	8.5	0	0	0	6.6	11.4	0	0	11.5	66.8	5.2	0	0	1	23.4	0.2	0	6.5	5.3	24.9	13
M0470	1995	2	NULL	0.9	5.2	20.4	4.3	0.1	0	0	1	67.9	0	0.2	10.8	0	3.4	15	3.2	3.2	3.4	25.7	5.7	0	0	0	1.3	4.8	41.7	16.8	NULL	NULL	NULL
M0470	1995	3	2.5	0	6.7	0	1.9	12	0	0	9.9	1.6	0.2	0	0	0	0	0	2.3	17.1	14.8	32.7	0.8	12.3	0	0	0	0.1	3.7	8.4	2.5	0	0
M0470	1995	4	7.3	0.1	1.2	0	28.8	0	26.5	4.2	1.7	2.1	67.8	1.3	12.7	0.2	13.5	101.9	7.7	3.7	0	0	0	0	1.2	1.4	68.4	0	0	15.5	0	0.1	NULL
M0470	1995	5	0	0	0	0	3.9	0	0	0	0.2	3.5	1	0	0	0	0	0	0	0	0.3	5.6	6.6	5.6	0	0	0.7	0.8	0.1	0	2.3	5	0
M0470	1995	6	0	0	0	0	0	0	2	5.1	1.6	5	0.1	0	0	0	0	0	0	0	0	0	0	0.1	0	0	0	0	0	0.4	0	0.3	NULL
M0470	1995	7	0	0	0	0	0	0	0	1.2	0	0	0	0	0	0	14.9	0	0.1	0	0	0	0.1	0.3	10.4	0.2	0	0	0.1	0	0	0	0
M0470	1995	8	0	1	0.6	0	0	0	0	0	0.6	0	0	2.1	0.2	0.3	0	0.5	0	0	1.1	0.3	0	0	0	0	0	0.4	0	0	0	0	0
M0470	1995	9	0	0	0	0	0	0	0	0	0	0	0	0	0	0	0.1	0	0	0	0.1	0	0	0	0	0	0.1	0	0	0	0	0	NULL
M0470	1995	10	0	0	0	0	0	0	0	0	0.1	1.8	0	0	0.5	0	0	0	0	0	0	0	0	0	0	0.8	0	0	0	0	0	0	0
M0470	1995	11	0	0	0	0	0	0	0.4	2.1	0.8	11.5	0.5	0	0	0.6	0	0	0	0	0	0	0.2	0.2	0	0	0	0	0.1	0	0	0	NULL
M0470	1995	12	0.1	2.2	0	0	0	0	0	0	0	0	0	0	0	0	0	0	0	0	0	1	0.5	0	0	0.4	12.3	1.8	6.2	0.2	1	0	0
M0470	1996	1	2.5	0	0	4.1	3.5	41.3	1.1	15.3	0	5.2	2.1	42.1	0	0.5	5.8	12.6	0	14.3	0.9	25.3	31.5	0.3	2.3	0	0.6	23.2	13.1	0.2	53.2	11.2	1.1
M0470	1996	2	13.6	0.8	11	47.4	33.1	0	12.2	1.2	58.4	4.7	3	0	0.6	6.4	0.3	8.6	18.7	58.2	13.3	11.1	0.3	5.4	4	59.3	14	0	3.5	61.4	0.1	NULL	NULL
M0470	1996	3	2	0.4	42.1	43.3	8.9	6.2	0	4.4	66.6	14.2	27.2	0	14.1	0	0.4	0	3.5	3.8	31.2	57.7	13.6	0	0	0.2	0	0	0	8.5	0	0	48.9
M0470	1996	4	24.4	0.3	14.6	3.4	0	4.1	0	12.8	92.8	36.4	23	0	0	0	0	16.3	1.1	0	0	0	0	0	11	0.3	0	0	0	0	0.9	47	NULL
M0470	1996	6	0	0.4	0	0	0	0	0	0	0	0	0	0	0	0	0	0	0	0	0	0	0	0	0	0	0	0	0	0	0	0	NULL
M0470	1996	7	0	12	0.2	0	0	0	0	0	0	0	0	0	0	0	0.2	0	0	0	0	0	0	0	0	0	0	0	0	0	0	0	0
M0470	1996	8	0.2	0	2	0	0	0	0	0	0	0	0	0	0	0	0	0	0	0	0	0	0	0	0	0	0	0	0	0	0	0	0
M0470	1996	9	0	0	0	0	0	0	0	0	0	0	0	0	0	0	0	0	0	0	0	0	0	0	0	0	0	0	0	0	0	0	NULL
M0470	1996	10	0	0	0	0	0	0	0	0	0	0	0	0	0	0	0	0	0	0	0	0	0	0	0	0	0	0	0	0	0.3	0	0
M0470	1996	11	9.3	0	0.8	0	0	0	0	0	0	0	0	0	0	0	0	0	0	0	0	0	0	0	0	0	0	0	0	0	4.8	0	NULL
M0470	1996	12	0	0	0	7.1	8.2	0.5	0	6.6	0	0	0	0	0	0	0.2	0	0	0	1.8	0	0	0	2.3	1.4	0	0.2	5	9.7	1.7	5.3	22.8
M0470	1997	1	0	0	28.4	1	2.8	9.5	0	0.2	0	3.8	0	2.5	3.2	0.3	0	0	0.2	82.9	52.4	0.1	0	7.7	0	0	38.4	7.1	36.7	6.4	29	11.4	4.6
M0470	1997	2	3.1	5	3.3	0	21.9	6.8	0.2	149.7	2.1	12.2	0	0	39.9	0	37.2	0	101.4	0.2	0	1.3	0	0	0	5.7	0.6	5.9	8.8	5.4	NULL	NULL	NULL
M0470	1997	3	0.6	0	5.3	15.7	26.8	13.8	2.4	37.7	3.9	13.5	4.1	3.7	19.3	14.8	3.7	12.6	13	0	40.8	1.8	0	0	0	63.8	4.1	2	4.3	0	4.5	4.3	13.7
M0470	1997	4	11.1	1	7.5	0	0	60.6	1	0.6	6.5	0.2	9	46.3	60.6	13.1	25.7	7.8	0.2	24.3	0	30.5	3	0	5.7	21.6	0	18.1	0	40.1	1.4	24.5	NULL
M0470	1997	5	2.2	10.5	0.1	0	5.9	0.2	0	0	6.2	0.6	0	41.8	60.5	6.8	2.2	6.6	2.1	13.4	10.3	2.5	2.7	86.2	0	0.8	55.1	0	0	2.1	49.8	2.5	0
M0470	1997	6	5.6	0	0.2	0	0	3.1	0.3	0	0	0	0	0	0.4	0	0	3.4	0	12.5	98.2	10.9	14.2	0	0	29	0	18.2	3.7	2.1	1.7	0	NULL
M0470	1997	7	1.3	0	0.2	0.4	3.3	5.3	0	0	0	66.2	0	12.4	8.7	6.4	0	0	0	0	38.5	4.2	0	0	0	0	0	0	0	6.7	15.4	20.3	23
M0470	1997	8	3.2	0	11.6	4.6	0	0	0	0	75.2	4.6	0	3	6.6	10.7	19.1	9.5	17.3	0	0	2.1	0	13.5	0	0	0	0	0	0	0	0	1.2
M0470	1997	9	0	0	0	1	85.9	0	5	6.5	0	0	0	30.2	4.5	4.1	8.2	7.5	0	29	0.7	80.4	0	29.5	0.6	0	16.5	0	0	4.2	76.6	0.3	NULL
M0470	1997	10	10	0	1.8	0	85.6	0	0	10.7	0	0	0	0	0	0.1	0	0	0	0	5.8	0.2	6.6	10	9.2	1.1	0	0	28	5.7	72.5	0	45
M0470	1997	11	0.5	7.2	12.5	22.1	0	55.2	23.5	15	1.1	52.4	29.7	2.1	0	3.5	14.1	42.3	1.2	1.7	2.6	19.2	170.8	15.2	152.5	4	1.9	6.6	93.5	10.3	35.2	5.4	NULL
M0470	1997	12	33.2	2.8	101	0	16.1	43.3	97.6	6.6	0	16	33.3	90.4	50.7	32.4	13.2	19.1	21.5	73.4	12	4.1	163.4	17.3	22.2	45.7	0.5	0	23.7	3.2	4.2	0	1.7
M0470	1998	1	0	0	4.5	96.9	23.2	7.2	0	1.3	11.2	0	55.1	40.5	0	7.3	83.1	129.3	0	29.4	46.9	23	0.6	1	23.5	27.5	0	0	1.4	27	6.9	5.7	0
M0470	1998	2	137.7	2.1	82.4	3.1	25.2	3.6	16.5	30.1	0.2	0	0	0	17.9	5.6	0.5	17.9	188.6	5.3	0	13.6	24.5	0.2	0	76.5	4.1	55.1	0	70.3	NULL	NULL	NULL
M0470	1998	3	27.9	11.3	12.2	47.6	89.4	15	12.6	14.1	110.6	17.2	5.1	2.3	32.6	57.2	13	102.4	0	35.3	61.7	32.4	0.3	128.5	12.7	0	19.2	0	71.2	91.3	15	62.4	7.5
M0470	1998	4	51	77.6	0	7.9	91	1	0	0	31.8	41.9	25.4	0.9	2.5	12.9	0.1	157.2	37.8	27.2	2.1	5.3	62	0	5.7	65.6	3.1	0	0	7.2	15.1	62	NULL
M0470	1998	5	6	8.5	26.8	0	0	0	0	2.2	0	56.7	1.3	2	11.3	49.4	1.1	54	35.6	34.1	0	0	0	0.5	2.3	0	101.2	76.5	0.7	0	2.3	3.2	15
M0470	1998	6	15.5	0.2	33.4	1.1	18.8	0.1	0.3	0	1.3	15.5	2.7	0.2	0	1.8	0	44.5	31.4	1.3	0	0	0.5	1	0	0	0	4.9	0	34.7	0	18.1	NULL
M0470	1998	7	5.8	0.2	0	0	38.6	25	1.5	0.5	5.4	1.5	0.6	0.5	0	0	0.7	0	0	1.8	8.4	0.3	0	9.5	0	0.2	0.2	0	0	0	0	0	0
M0470	1998	8	0	0	0	0	0	0	0.1	0	1.3	0.2	1.7	0	3.4	0.1	0.1	0	0	0	0	0	0	0	0	0	0.1	0	0.1	0	0	0	0
M0470	1998	9	0	0	0	0	0	0	0	0	0	0	0	0	0	0.1	0	2.6	0	0	1	0.1	0	0	0	1	0.1	0	0	0.1	3.9	0.2	NULL
M0470	1998	10	0	2	0.2	0	0	0	0	0	0	0	0	0	0	0	0	0	0	2.3	1.3	0	0	0	0.1	0.2	0.6	2.7	0.6	0	0	0	0
M0470	1998	11	0	0	1.6	0	1.1	0	29	0.5	0	0	0	0.1	0.8	0	0.6	0	0	9.5	1.4	0.7	1.6	0.2	0.1	0	0	0	0.2	0	0	0	NULL
M0470	1998	12	0	0	0	0	1.3	0	0	0	0	0	0.3	0	0	0.5	0.4	0	3.7	0	0	0	0	0	0	3.3	0	0.5	0.4	4.5	1.2	0	0
M0470	1999	1	31.3	3.2	0.8	14.2	0	0	0	0	0	2.1	0.2	0.2	0.3	0	8.3	0	0.9	0.5	0.9	7.2	0	0.2	0.3	0	0	11.2	0	0	0	0	28.4
M0470	1999	2	15.2	0.3	4.2	40.4	1.9	12.2	23	6.7	9.9	10.8	55	14.4	77.7	21.6	12.4	12.1	4.5	0	2	11.4	31.1	4.3	18	33.5	23.5	2.2	3.2	0	NULL	NULL	NULL
M0470	1999	3	10.2	0	2.3	54.5	0	45.7	26.8	0	14.8	0	0	75	26	61.1	27.5	9	6.5	2.2	0	0	65.2	0.5	0.5	0	4.5	0	18.9	0	0	4.3	16.7
M0470	1999	4	4.5	67.8	58.9	0	8.7	1.7	5.6	61.5	5.9	8.7	0.4	16.9	0	2	0	0	4.5	1	0	14.3	0	0.4	10.4	0	131.6	18.1	16.5	0	10.4	2.6	NULL
M0470	1999	6	0	0	0	0	0	0	0	0	0	0.1	0.1	0.1	0	0	0	0	0	0	0	0.1	0.1	0	0.1	0	0	0	0	0	0	0.1	NULL
M0470	1999	7	0	0	0	0	7	3.1	0	0	0	0	0	0	0	0	0	0	0	0	0	0	0	0	0	0	0	0	0	0	0	0	0
M0470	1999	8	0	0	0	0	0	0	0	0.2	0	0	0	0	0.1	0	0	0	0	0	0	0	0.1	0.1	0	0	0	0	0	0	0	0	0
M0470	1999	9	0	0	0	0	0	0	0	0	0	0.2	0	2.2	0	0	0	0	0.3	0	0	0.2	0.1	0	80.4	0	1.6	0.5	1.2	0	0	0	NULL
M0470	1999	10	0	5.6	0.3	0	0	0	0	0	0	0	0	0	0	0	0	0.5	0.5	0	0	0	0	0.7	0	0	0.5	0	0	0	0	0	0
M0470	1999	11	0	0	0	0	0	0	0.2	0	0	0	0	0.2	0	1.8	0	0	0	0	0	0	0	0	0	0.2	1	0	0	5	0	4.9	NULL
M0470	1999	12	4	26.7	3.6	0.2	0	3.3	1	0.2	0	0	0.2	0	4.4	2.2	9.5	0	1.5	0	1.5	16.5	27	0.2	14.5	3.6	0	0	11.2	5.9	10.3	9.3	1.8
M0470	2000	1	26.6	0	1.1	0	0	0	0	0	0	0	2.5	9.1	0	34.2	6.1	0	3.1	0	8.3	0	0	0	0	0	26.3	41.4	16.6	9	0.6	0.2	0
M0470	2000	2	13.7	21.8	0.2	0	6.4	0	0	15.2	18.5	0.6	6	1.5	23.1	2.3	75.9	0.6	14.1	11.4	5	0.4	3.8	3.4	6.2	8.6	4	0.1	3.6	0	0	NULL	NULL
M0470	2000	3	9.7	10.7	2.9	10.4	7.6	0	18.3	1.5	15.3	7.3	53.4	6.5	21.4	0	20.6	35.4	1	62.2	0.2	8.6	0	21.2	0.7	0	0	28.8	3.2	0	0.3	0	44.5
M0470	2000	4	0.3	2.3	0	17.7	0.3	84.2	8.2	28.7	11.6	31	6	0.3	0	0	0	17	1.4	105.8	12.6	0	0	20.5	1.6	34.8	0	0	4.5	0	10.8	6.3	NULL
M0470	2000	5	1.8	13.8	31.9	1.2	25.7	0.5	0	6.3	9.6	5.5	2.1	0	11.8	1.2	0	0	0	3.3	2.7	1.6	2.7	0	0	0	0	0	0	0	0.2	0	10.5
M0470	2000	6	0.2	0	0	0	0	0	0.3	0	0	0	0	0	0	0	0	6.6	0	5	0	0	0	0	0	0	0	0	0	0	0	0	NULL
M0470	2000	7	0	0	0	0.2	0	0	0	0	0	0	0	0	0	0	0	0	0	0	0	0	0	0	0	0	0	0	0	0	0	0	0
M0470	2000	8	0	0	0	0	0	0	0	0	0	0.3	0	0	0	0	0	0	0	0	0	0	0	0	0	0	0	0	0	0.4	0	0	0
M0470	2000	9	0	0	5.8	0.2	0.5	0	0	0	0	0	0	0	0	0	0	0	0	0	0	0	0	0	0.2	0	0	0	0.2	0	0	0	NULL
M0470	2000	10	0	0.3	0	0	0	0	0	0	0	0	0	0	0	0	0	0	0	0	0	0	0	0	0	0	0	0	0	0	0	12.7	0
M0470	2000	11	0	0	0	0	0	0	0	0	0	0	0	0	0	0	0.2	0.2	0	0	0.2	0.5	0.2	0	0	0	22.3	0	0	0	0	0	NULL
M0470	2000	12	0	0	0	0	0	0	1.8	0	0	0	0	0.8	0	0.8	0.3	0	0	0	0	0	0	0.2	0.3	0	0.3	0	46.6	0	0	0	0
M0470	2001	1	15.8	12.4	21.3	35.5	24.5	62.7	53.7	28.6	11.3	10.4	22.4	8.6	28.7	11.6	0	12.6	19.3	0.8	4.3	0	15.6	8.4	0	25.7	4.3	3.1	0	0	0	0	0.4
M0470	2001	2	4	55	0	4	15.1	18	0.3	0.4	2.6	12.2	7.7	15.7	0	1.6	0.4	5.8	0	5.6	1.3	4.6	0	8.4	5.5	38.4	0.4	29.7	0	5.1	NULL	NULL	NULL
M0470	2001	3	0	4.8	5.2	0	19.2	5.3	1.5	0	1.5	0	3.5	3.8	2	9.7	6.6	0	4.7	118.8	0	0	0	37.6	2.7	3.3	4.9	10.6	73.5	57.3	0.3	2.2	1.1
M0470	2001	4	7	1.8	10.3	23.2	22.7	12.8	25.5	0.3	4.6	12.3	35.6	13.9	15.6	75.8	17.9	2.7	25	34.9	1.2	0	26.8	20.2	0	0	0	18.4	3	0	0	0	NULL
M0470	2001	5	0	3.5	0	48.5	0	0	0	0	30.7	2.3	2.3	5	0	0	0	0	0	0	0	0	0	0	0	0.2	1.5	0	0	0	0	0	0
M0470	2001	6	0	0	0	0	0	0	0	0	0	0	0	0	0	0	0	0	0	0	0	0	0	0	0	0	0	0	0	0	0	0	NULL
M0470	2001	7	0	0	0	0	0	0	0	0	0	0	0.1	0.2	0	0	0	0	0	0	2	0	0	0	0	0	0	0	0	0	0	0	0
M0470	2001	8	0	0	0	0	0	0	0	0	0	0	0	0	0	0	0	0	0	0	0	0	0	0	0	0	0	0	0	0	0	0	0
M0470	2001	9	0	0	0	0	0	0	0	0	0	0.2	0	0	0	0	0	0	0	0	0	0	0	0	0	0	0	0	0	0	0	0	NULL
M0470	2001	10	0	0	0	0	0	0	0	0	0	0	0	0	0	0	0	0	0	0	0	0	0	0	0	0	0	0	0	0	0	0	0
M0470	2001	11	0	0	0	0	0	0	0	0	0	0	0	0.2	0	2.6	0	0	0	0	0	0	0	0.4	0.4	0	0.7	0	0.5	0	0	0.8	NULL
M0470	2001	12	0.2	0.2	0	0.2	0	0	0.2	0	0	0	0	0	0.2	0	0.7	1.6	1	0.2	0	19.2	29	2.3	3.7	0	28.3	2	0	0	0	1.8	0
M0470	2002	1	71.7	1.7	5.8	0	0	0	0	0	0	4.1	0	0	7.5	0	3.3	2.7	12.3	16.9	0	1.6	0	0	3.7	0.6	12.3	0	4.7	54.1	19.3	9.9	6
M0470	2002	2	28.9	2.1	37.9	7.8	21.4	38.4	4.7	17.2	4.6	0.3	43.5	48.4	10.7	0	24.5	3.1	0	6	0	13.5	0.8	10.5	1.7	8.7	10.4	3.8	24.1	2.8	NULL	NULL	NULL
M0470	2002	3	33.3	11	41.1	41.4	1.3	28.5	15.8	74.2	26.6	0	5.6	60.7	0.5	2.1	11.9	21.6	16.5	11.8	112.1	10.1	0	91.8	6.4	0.3	1.7	11.6	26	0	0	0	43.4
M0470	2002	4	51.8	2.2	2.7	21	2.3	67.9	12.8	0	0	112.7	0	15.2	0	15.3	68.9	27	8.5	12.7	19.8	0	6	0	2.6	11.2	1.2	32.7	0	20.2	39.5	14.5	NULL
M0470	2002	5	36.2	3.2	0	0	1.6	0	0	0	16.3	10.3	0	9.4	0	0	15.7	15.3	0	0	0	3.6	0	5	0	0	0	0	0	0	0	0	0
M0470	2002	7	0	0	0	0	0	2.2	2.2	0	0	0	0	0	0	0	0	0	0	0	0	0	0	0	0	0	0	0	0	0	0	0	0
M0470	2002	8	0	0	0	0	0	0	0	0	0	0	0	0	0	0.1	0.1	0.1	0	0.1	0.1	0.1	0	0	0	0	0	0.1	0	0.1	0.2	0	0
M0470	2002	9	0	0	0	0	0	0.1	0	0	0	0	0	0	0	0	0	0	0	0	0	0	0	0	0.1	0	0	0	0	0	0	0	NULL
M0470	2002	10	0.1	0	0	0	0	0	0.2	0	0	0	0	0	0	0	0	0	0	0	0	4.5	0.2	2.1	1	1.7	0	0	0	0	0	0	0
M0470	2002	11	0	0	0	1	0	0	0	0	0	0	0	0	0.2	0	0	0	6.7	2	0	1.1	0	0	0	0	0	0	0	0	0	0.7	NULL
M0470	2002	12	2.3	0	0	0.7	92.2	0.4	7.2	33.7	0	0	0	0	0	0	0	0	0	9.7	0	0	11.7	4.2	0	0	7.4	20.8	0.7	28.5	34.5	7.3	2.7
M0470	2003	1	1.2	6.3	0	0	28.2	0	2.7	4.3	27.6	0	4.1	0.4	9.2	0	12.2	31	20.3	65.5	0	0	0	0	1.5	84.5	0	32	23.5	0	3.7	11.6	7
M0470	2003	2	0	0	12.4	0	1	14.5	38.4	0	0	8.4	4.3	0	119.4	0.4	0	22.5	0	32.5	2.3	8.8	0	0	0	5.3	1	56	60.8	0	NULL	NULL	NULL
M0470	2003	3	4.5	7.8	0	8.8	10.6	34.2	1.2	5.8	3.5	0	0	23.3	9.1	0	0	29.3	12.8	3.8	0	0	0	0	17.4	0	20.7	0	0	0	0	0	0
M0470	2003	4	0	0	5.8	0	8.5	0	0	34.7	14.1	0	36	14.4	0	72.2	0	0	0	0	0	2.7	0.4	0	32.3	0	21.7	0	0	0	0	0	NULL
M0470	2003	5	0	0	5.3	0	13.7	4.4	0	7.1	0	2.1	1.4	0	94.3	0.2	0.2	0	11.3	0	0	0	0	18	0	0	0	0	0	0	0	0	12.2
M0470	2003	6	0	0	4.8	0	0	0	0	0	0	0	0	0	0	0	0	0	0	0	0	0	0	12.1	2.2	0	0	0	0	0	0	0	NULL
M0470	2003	7	0	1.5	0	47.5	0	0	0	0	0	0	0	0	0	0	0	0	0	0	0	0	0	0	0	0	0	0	0	0	0	0	0
M0470	2003	8	0	0	0	0	0	0	0	0	3.2	0.3	2.8	0	0	0	0	0	0	0	0	0	0	0	0	0	0	0	0	0	0	0	0
M0470	2003	9	0	0	0	0	0	0	0	0	0	0	0	0	0	0	0	0	0	0	0	0	0	0	0	0	0	0	0	0	0	0	NULL
M0470	2003	10	0	0	0	0	0	0	0	0	0.3	0	0	0	0	0	0	35.4	5.6	0	0	0	0	0	0.3	0	0	0	0	0	0	0	0
M0470	2003	11	0	0	0	0	0	0	0	0	0	0	0	0	0	0	0	0	0	0	0	0	0	0	0	0	0	0	0	1.2	42.5	0	NULL
M0470	2003	12	0	0	0	0	0	0	0	0.6	2.4	0	0	0	0	0	0	0	0	0	3.8	1.2	1.9	29.5	0	0	71.5	17.2	1.8	0	0	0	0
M0470	2004	1	0	0	6.2	1	20.5	4.2	0	85.4	0	17.8	7.4	0	0	0	0	0	0	0	0	4.8	0.7	0	0	0	0	0	0	0	0	3.5	10.5
M0470	2004	2	0	0	0	0	10.2	0	5.2	3.1	0	0	85.6	0	0	0	5.1	32.8	10.6	66.3	0	0	21.5	0	0	0	27.8	0	24	23	0	NULL	NULL
M0470	2004	3	3.6	0	5.5	2.5	8.3	84.2	25.5	0	3.1	2.7	0	1.9	1.3	11.4	12.5	3.5	30.8	16.4	0	0	0	16.3	5.5	0	25.2	11.6	78.5	0	0	0	55
M0470	2004	4	25.4	6.2	0	14.8	0	0	0	3.2	0	0	0	32.2	2.9	23	3.1	0	5.3	0	30.8	91.7	2	0	0	0	3.1	0	56.2	2.8	0	0	NULL
M0470	2004	5	0	0.2	0	1.5	0	21.3	0	0.2	2.4	0	0	0	0	0	1.5	0	43.8	25.7	7.9	6.1	5.3	0	0	0	0	0	35.9	0	43.3	1	0
M0470	2004	6	0	0	0	0	0	3.9	0	0	0	0	0	0	0	0	0	0	0	0	0	0	0	0	0	0	0	0	0	0	0	0.3	NULL
M0470	2004	7	0	0	0	0.7	8.6	0	0	0	0	0	0	0	0	0	0	0	0	0	0	0	0	0	0	0	0	0	0	0	0	0	0
M0470	2004	8	0	0	0	0	0	0	0.5	0	0	0	0	0	0	0	0	0	0	0	0	0	0	0	3.5	0	0	0	0	0	0	0	0
M0470	2004	9	0	0	0	0.2	0	0	1.6	0	1.5	0	0	0	0	0	0	2.3	0	0	0	0	0	0	0	0	0	0	0	0	0	0	NULL
M0470	2004	10	0	0	0	0	0	0	0	3.2	1.3	0	0	0	0	0	0	0	5	1.5	0	0	0	0	0	0.5	1.5	0	0	0	0	0	0
M0470	2004	12	3	0	0	0	0	0	0	3.5	0	0	0.6	0	3.5	1.3	0	0	0	0	0	0	0	3.5	0	0	0	0	0	0	0	0	0
M0470	2005	1	0	13.7	31.2	12.5	15.7	0	0	0	20.2	0	3	0	14.1	0	0	22.3	8.5	1.9	0	0	0	0	0	0	0	10	0	1.5	0	35.3	0
M0470	2005	2	0	23.9	0	0	0	4	2.7	0	1.8	26.2	15.8	2.7	20.3	28.6	31.3	23.7	12	20.4	0	0	0.6	0	0	0	0	0	0	0	NULL	NULL	NULL
M0470	2005	3	0	0	20.1	0.3	76.1	4	7.8	10	1.2	0	4.7	0	0	0	51.3	0	22.4	0.6	1	0	0	0	0	0	5.4	0	2.2	11.6	0	34.7	0
M0470	2005	4	9.5	0	0	2.3	5.2	0	7.2	11.4	1.4	1	23.5	0	51.5	0	67.1	8.5	19.3	1.2	35.5	5.7	0	33.8	0	100.8	0	0	41	0	0	0	NULL
M0470	2005	5	0	0	0	0	0	0	0	0	0	0	0	0	0	0	0	0	0	0	0	0	0	0	0	0	0	0	0	0	0	0	0
M0470	2005	6	0	0	0	0	0	0	0	0	0	0	0	0	0	0	0	0	0	0	0	0	0	0	0	0	0	0	0	0.1	0.1	0	NULL
M0470	2005	7	1.3	4.2	0	0	0	0	0	0	0	0	0	0	0	0	0	0	0	0	0	0	0	0	0	0	0	0	0	0	0	0	0
M0470	2005	8	0	0	0	0	0	0	0	0	0	0	0	0	0	0	0	0	0	0	0	0	0	0	0	0	0	0	0	0	0	0	0
M0470	2005	10	0	0	0	0	0	0	0	0	0	0	0	0	0	0	0	0	0	0	0	0	0	0	0	4.5	0	0	0	0	0	0	0
M0470	2005	11	0	0	0	0	0	0	0	2.2	0	0	0	0	0	0	0	0	0	0	0	0	0	0	0	0	0	0	0	0	0	0	NULL
M0470	2005	12	0	0	0	0.2	0	0	0	0	0	0	0	0	0	0	0	0	0	0	0	0	0	15.1	0.4	7.5	12.2	27.1	0	0.7	0	0	35.7
M0470	2006	1	0	0	0	0.1	0	0	2.8	6	7	0	0	0	4.5	3.7	2.8	20.1	5.2	2.7	26.3	0	0	0	0	0	26.2	12.8	0	52.8	17.2	51.2	17
M0470	2006	2	0.7	0.6	85.7	43.2	20.4	0	7.7	15.2	27.7	0	80	25.7	40.2	6.3	0	0.2	38.4	33.5	2.3	5.7	0	89.3	30.3	0.2	4	73.7	0	20.7	NULL	NULL	NULL
M0470	2006	3	0	0.3	7.1	0	0	93.8	0	39.5	6.4	0	15.2	22.8	0	25.6	0	31.4	0	0	0	37	37.2	33.5	12.3	37.7	0	9.4	4.7	0	2.8	0	1.8
M0470	2006	4	0	48.4	0	5.5	1.7	6.5	0	0	7	0	0	0	0	0	0	0	0	1.7	3.6	0	0	0	0	0	0	0	0	0	0	4.2	NULL
M0470	2006	5	0	0	8	0	0.4	32.3	21.5	0	0	0	0	0	0	0	0	0	0	0	0	0	0	0	0	0	0	0	0	0	0	0	0
M0470	2006	7	0	0	0	0	0	0	0	0	0	0	0	0	0	0	0	0	0	0	0	0	0	0	0	0	0	0.3	42.4	0	0	0	0
M0470	2006	8	0	0	0	0	0	0	0	0	0	0	0	0	0	0.3	0	0	0	0	0	0	1.2	0.5	0	0	0	0.3	3.8	0	0	0	0
M0470	2006	9	0	0	0	0	0	0	0	0	0	0	0	0.4	0	0	0	0	0	0	0	0	0	0	0	0	0	0	0	0	0	0	NULL
M0470	2006	10	0	0	0	0	0	0	0	0	0	0	0	0.6	0.3	0	0	0	0	0	0	0	0	0	0	0	0	0	0	0	0	0	0
M0470	2006	11	0	0	0	0	0	0	0	0	0	0	0	0	0	0	0	0	0	0	0	0	0	0	0	0	1.4	0	0	6.3	0	0	NULL
M0470	2006	12	0	0	0.2	0.5	0	0	1.9	0	0	0.3	0	0	0	0	0	0	0	0	10.5	10.8	0	0	1.6	0	0	2	0	0	2	1.4	0
M0470	2007	1	0	0	0	34.9	9.4	0.6	8.6	2.3	3	2.1	4.8	0	7.4	0	2.5	29.1	33	0.9	10.2	0.3	16.8	0.4	5.7	5.3	30.6	61.3	1.8	29.1	1.2	0	0
M0470	2007	2	0	37.2	10.7	7.5	0	8.8	14	0	0	4.4	0	0	4.4	1.6	78.5	5.7	7.6	0	0	0	0	0	0	6.5	0	3	7.2	0	NULL	NULL	NULL
M0470	2007	3	7.5	0	5	15.4	0	35.4	29.2	9.8	12.2	16.5	7.8	9.1	61.1	3.4	6.6	0.7	1.2	0	1	0.4	0	0	12.2	0	11.5	37.2	4.9	1.1	0	0	0
M0470	2007	4	0	0	0	0	0	0	10.1	3.7	5.3	0.5	0	0	13.3	0	0.8	68.8	50.6	63.2	5.5	14.7	0	38.7	1.7	0	30.3	3.7	10.3	0	32.2	1.5	NULL
M0470	2007	5	0	0	1.4	11.3	4	0	0	0	2.2	1.3	10.5	0	0	1.1	1.1	0	0	3.1	1.9	0	0	1.1	2.5	2.3	10.8	19.9	10	5.4	2.1	0	4.3
M0470	2007	6	2.1	4.1	0	0	0	31.5	0	0	0	0	0	0.5	0	0	0	0	0	0	0	0	0	0	0	0	0	0	0	0	0	0	NULL
M0470	2007	7	0	0	0	0	0	0	0	0	0	1.5	0	0	0.6	0	0	0	0	0	0	0.1	0	0	0	0	0	1.3	6.2	2.6	0	0	0
M0470	2007	8	0	0	0	0	0	0	0	0	0	0	0	0	0	0.1	0	0	0.1	0	0	0	0	0	0	0	0	0	0	0	0	0	0
M0470	2007	9	0	0	0	0	0	0	0	0	0	0	0	0	0	0	0	0	0	0	0	0	0	0	0	0	0	0	0	0	0	0	NULL
M0470	2007	10	0	0	0	0	0	0	0	0	0	0	0	0	0.3	0	0	0	0	0	0	0	0	0	0	0	0	0	0	0	0	0	0
M0470	2007	11	0	0	0.4	0.2	0	0	0	0	1.1	0.2	0	0	0	0	0	0.5	0.7	3.4	0	0	0	6.3	0	1.1	0	0	0	0	0	0	NULL
M0470	2007	12	0	0	0	0	0	0	0	0	0	0	0	0.3	1.5	25.1	2	4.2	0	0	0.4	0	0	1.4	0	0	0	6.4	11.9	4.6	0	0	0
M0470	2008	1	1.5	55.8	33.5	11.1	6.4	0.3	6.6	0	34	2.2	3.1	7.4	4	56.2	1.6	9	26.2	0	42.8	0	13	23.7	24.5	34.9	21.7	27.2	45.9	38.2	8.3	27.1	2.8
M0470	2008	2	2.6	62.2	13.8	0.8	3.1	8	11	2.9	0	5.9	11	4.5	20.6	25	0	36.8	24.2	19.9	56.3	19.1	2.8	0	33.5	64.3	5.7	8	1.4	11.3	0	NULL	NULL
M0470	2008	3	4.2	9.9	6.6	31.7	14.8	0	5.1	15.6	97	0	3.8	0	0	31.6	2.4	5.3	5.1	4.5	11.3	19	1	16	0	14.3	34.5	1.5	3.2	1.4	27.3	62.5	2.5
M0470	2008	4	4.6	66.8	0.7	0	36.2	34.3	3.2	2	37.5	0	0.5	0	3.3	0	0	0	5.7	0	33.3	0	2.2	0	0	78.8	0	11	0	0	25.8	40.3	NULL
M0470	2008	5	0	0	64.9	0	0	0	0	0	0	11.3	3.7	0	0	0	23	0	0	8.2	0	0	0	0	0	2	9	0	0	0.2	0	7.3	0
M0470	2008	6	0	0	0	0	0	0	0	0	0	1.2	0	0	0	0	0	0	0	0.3	0	0	0	0	0	0	1.6	0	0	0	0	0	NULL
M0470	2008	7	0	0	0	0	0	0	0.3	0.1	0	0	0	0	9.2	0	0	0	0	0	0	0	0	0	0	0	0	0	0	0.6	0	0	0
M0470	2008	8	0	0	0	0	0	0	0	0	0	0	0	0.5	0	0	5.3	3.8	35.9	2.5	1.2	0.4	0	1.5	0	0	0	0	0	0	0	0	0
M0470	2008	9	0	0	0	1.5	0	0	0	0	3.5	1.9	0	0	0	0	0	0	0	0	0	0	0	0	0	0	2	0	0	0	0	0	NULL
M0470	2008	10	0	0	0	0	0	0	0	5.4	0	0	0	0	0	0	0	0	0	0	0	0	0	0	0	0	0	0	0	1	2	0	0
M0470	2008	11	4.5	0	0	0	3.5	4.1	0	0	0	0	0	0	0	0	0	0	0	0	0	0	0	0	0	0	0	0	0	0	0	0	NULL
M0470	2008	12	0	0	0	2	0.6	5.5	0	0	0	0.6	0	0	0	2.4	0	0	0.5	0	0.6	0	0	0	0	0	0	0	0	0	0	1.7	3
M0470	2009	1	0.7	0	0	0	0	24.5	14.8	0	5.5	9.8	0.5	7	16.5	32	10.6	20.3	1.5	0	0	0	4	20.5	13.2	41.8	88.7	0	2.4	9.5	1.1	12.8	22.2
M0470	2009	2	0	20.3	0	27	0	2.2	0	0	28.2	38.3	7.5	6.4	6.5	45.7	0	0	51.7	16.2	2.5	2.7	0	3.4	8.2	0	35.5	0	0	0	NULL	NULL	NULL
M0470	2009	3	30.6	18	0	5.5	9.9	0	2.4	0	0	58.4	1.4	0	0	1.5	1.7	30.6	0	26.3	1.8	7	2.3	65.2	2.5	0	0	11	21	0	13.2	8.6	0
M0470	2009	4	0	0	0	0	0	5.2	3.3	0	0	0	0	0	0	0	0	0	0.5	0	14.7	0	0	35.5	0	6	10.7	1.7	5.7	13.2	63.6	0	NULL
M0470	2009	5	71.8	0	0	5.5	0	0	0	0	0	0	0	20.8	0	5.1	0	0	0	0	0	0	0	0	0	0	0	0	0	0	0	0	0
M0470	2009	6	3.5	0	0	0	0	0	0	0	1.1	0	4	0	0	18.2	0	0	0	0	0	0	0	0	0	0	0	0	0	0	0	0	NULL
M0470	2009	7	0	0	0	0	0	0	0	0	0	0	0	0	0	0	0	0	0	0	0	0.1	0	0	0	0	0	0	0	0	0	0	0
M0470	2009	8	0	0	0	0	0	0	0.2	0	0	0	0	0	0	0	0	0	0	0	0	0	0	0	0	0	0	0	0	1.1	0	0	0
M0470	2009	9	0	0	0	0	0	0	0	0	0	0	0	0	0	0	0	0	0	0	0	0	0	0	0	0	0	0	0	0	0	0	NULL
M0470	2009	10	0	1	0	0	0	0	0	0	5	0	0	0	0	0	0	0	0	0	0	0	0	0	0	0	0	0	0	0	0	0	0
M0470	2009	11	0	0	0	0	0	0	0	0	0	0	0	0	0	0	0	0	0	0	0	0	0	0	0	0	0	0	0	0	0	0	NULL
M0470	2009	12	0	0	0	0	0	0	0	0.7	0.6	2.2	1.4	0.8	0	0	0	0	0	0	0	0	0	16	0	0	18.7	14.6	30.4	0	0	0	0
M0470	2010	1	0	0	0	8	0.4	65.1	0	0	0.4	29.6	27.4	0	15.6	0.6	1.2	0	15.5	5.6	27.4	0.3	20.2	9.2	15.5	27.6	1	46.9	20.8	9.6	0	1.1	6.2
M0470	2010	2	0	1.6	1.3	20.7	59.6	13.3	0.6	20.8	4.7	31.2	2.8	4.2	2.4	31.6	83.8	55.8	30.3	0	0	14.8	65.7	103.4	72	20.7	0	0	0	92.2	NULL	NULL	NULL
M0470	2010	3	2.3	1	12	29.1	19.9	11.6	16.5	0	0	0	9.2	9.5	36.5	0	0	3.5	0	2.6	0	0	15.7	28.8	0	72.5	51.3	10.7	94.3	5	95	48	1.2
M0470	2010	4	0	0	0	106.6	44.1	0	12.9	6.7	24.7	60.2	11.8	0	1.5	0	0	10.8	20	75.9	6.4	10.8	0	33.9	0	25.5	0	36.6	8.8	0	0	0	NULL
M0470	2010	5	0	45	5.2	0	0	0	13.8	2.5	0	0	0	0	0	31.5	0	0	0	1.7	0	0	0	0	0	0	0	0	0	0	3	0	0
M0470	2010	6	0	0	0	0	0	0	0	0	0	0	0	0	0	0	1.4	0	0	0	0	6	0	2.6	0	0	0	0	0	0	0	0	NULL
M0470	2010	7	0	0	0	0	0	0	0	6.6	0	0	0	2	0	0	0	0	7	6	3.5	0	0	0	0	0	0	0	0	0	0	0	0
M0470	2010	8	0	0	0.6	0	0	0	0	0	0	0	0	0	0	0	0	0	0	0	0	0	0	0	0	0	0	0	0	0	0	0	0
M0470	2010	9	0	0	4.5	0.3	0	0	1.5	0	0	0	0	0	0	0	0	0	0	0	0	0	0	0	0	0	0	0	0	0	0.8	2	NULL
M0470	2010	10	0	0	0	0	0	0	0	0	0	0	0	0	0	0	0	0.4	0	1.7	0	0	0	0	0	0	0	0	0	0	0	0	0
M0470	2010	11	0	0	0	0	0	0	0	0	0	0	4.5	0	0	23.5	4.1	0	0	2.6	0	0	0	0	0	0	1.6	0	0	0	0	0	NULL
M0470	2010	12	0	0	0	0	0.4	0.7	4.8	0	1.6	6.5	1.2	0	0	0.6	27.3	55.8	13.7	0	0	43.3	13.9	21.5	24.6	0	1	20.2	13.4	0	0	1.8	0
M0470	2011	1	0	0	0	4.8	2	0	0	8.8	0	0	6.5	1.2	9.6	0	4.3	0	0	0	17.4	13	23	0	3.2	1	21.2	9.2	40.4	8.1	29	0	17.5
M0470	2011	2	8.6	0	0	26.1	0	7.5	18.3	0.7	35.5	8.4	0	12.5	0	33.1	18.2	95.7	8.7	97.1	10.4	0	0	0	0	0	0	0	0	0	NULL	NULL	NULL
M0470	2011	3	0	0	0	0	0	0	0	0	0	5	48.6	0	0	8.2	0	28.5	7.9	16.8	1.3	0	0	0.5	0	0	6.6	3.8	13.7	3.2	24	0	0
M0470	2011	4	16.6	0	90.1	0	15.7	0	0	25.7	1.5	90.5	61.7	24.2	0	0	6.2	7.1	62.2	70	3.7	48.2	0	0	0	12.3	0	10	0	0	0	0.5	NULL
M0470	2011	5	0	0	21.2	0	0	0	0	0	0	0	0.2	0	0.2	0	0	0	0.2	0	0	0	0	0	0	0	0	0	0	0	0	0	0
M0470	2011	6	2.6	13.3	0	0	0	0	0	0	0	0	0	0	0	9	0	16.6	0	0	0	0	0	0	0.6	0.2	0	4.1	0.2	0	0.1	0.1	NULL
M0470	2011	7	0	0	0	0	0	0	0	0	0	0	0	5.5	31.5	4	0	0	0.2	2	0	0	0	0	0	0	0	0	0	0	0	0	0
M0470	2011	8	0	0	0	0	0	0	0	0	0	0	0	0	0	0	0	0	0	0	0	0	0	0	0	0	0	0	0	0	0	0	0
M0470	2011	9	0	0	0	0	0	0	0	0.3	0	0	0	0.1	0	0	0	0	0	0	0	0	0	0	0	2.5	0.5	0	0	0	0	0	NULL
M0470	2011	10	0	0	0	0	0.3	0	0	0	0	0	0.3	0	0	0	0	0	0	0	0	0	0	0	0	0	0	0	0	0	0	0	0
M0470	2011	11	0	0	0	0	0	0	0	0	0	0.2	0	0	0	0	0	0	0	0	0	0	0	0	0	0	0	0	0	0	0	0	NULL
M0470	2011	12	0.2	0	0	0	0	0	3.5	0	2.7	1.3	0	0	0.4	0	0	4.2	0	0	0	8.1	0	3.7	0	0	0	4.4	0	36.5	59	14.5	0
M0470	2012	1	28.4	5.6	34.2	38.8	12	0	0	0	5.8	0.4	8.1	10	6	19.5	54.3	93.8	22.5	8.4	3.2	3	10.5	20.4	7.5	3.8	71.2	59.9	10.1	5.8	9.2	21.8	11.4
M0470	2012	2	24.1	11.6	12	5.8	1	0	33.2	38.3	0	16.2	0	26.6	23.3	63.3	3.5	19.6	55.5	68.3	0	44.3	30.3	0	87.4	53.2	19.5	1.7	18.2	0	54.3	NULL	NULL
M0470	2012	3	18.1	3.3	0.7	67.4	0	46.3	76.8	0	0	3	0	25.8	5.7	0	11.1	20.5	45.3	39.6	62.7	0	59.8	5.9	8.6	11.3	0	0	42.5	0	0	0	15.7
M0470	2012	4	2.8	0.2	4.5	0	38.6	0	17.8	0	42.3	0	0	8.2	0	0	14.7	0.5	0	25.7	108.5	0	23.5	0.7	96.5	1.7	23.8	0	0	0	20.9	1.5	NULL
M0470	2012	5	3.8	0	6.4	9.3	0	0	0	28.2	0.3	10.5	12.7	16.8	0	0.6	7.4	43.2	0	8	0	0	0	12.7	0	0	2.6	1.6	0	0	0	0	0
M0470	2012	6	0	0	0	0	0	0	0	0	0	0	0	0	0	0	0	0	5.7	2.6	0	0	4	0.5	0	0	0	0	0	0	0	0	NULL
M0470	2012	7	0	0	0	0	0	0	0	0	0	0	0	0	0	0	0	0	0	0	0	0	0	0	0	0	0	0	0	0	0	3.5	0
M0470	2012	8	0	0	0	0	0	0	0	0	0	0	0	0	0	0	0	0	0	0	0	0	0	0	0	0	0	0	0	0	0	0	0
M0470	2012	9	0	0	0	0	0	0	0	0	0	0	0	0	0	0	0	0	0	0	0	0	0	0	0	0	0	0	0	0	0	0	NULL
M0470	2012	10	0	0	0	0	0	0	0.3	0	0	0	0	0	0	0	0	1.8	0	0	0	0	0	0	0	0	0	0	0	0	0	0	0
M0470	2012	11	0	0	0	0	0	0	0	0	0	0	0	0	0	0	0	0	0	0	0	0	0	0	0	0	0	0	12.4	0	0	0.3	NULL
M0470	2012	12	0.8	0	0	0	0	0	2.5	0	0	0	0	0	24.7	0	0	0	0	0	0	0	0	0	20.3	0	0	0	0	0	12.3	0	13.7
M0470	2013	2	8	0	14.5	14.9	19.5	62.2	0	41.4	0	40.7	14.7	0	6.2	0	0	76.4	0	1.3	0	0	3	10.3	0	0	47	4.7	23.2	0	NULL	NULL	NULL
M0470	2013	4	0	0	0	0	0	30.7	1.9	44.2	85.6	56.3	1.5	0	0	0	0	0	96	29.4	86.4	0	22	0	4.8	0	0	0	0	0	0	0	NULL
M0470	2013	5	28.7	0	0	0	0	0	0	0	0	0	0.8	0	0	0	0	0	0	0	0	0	0	0	0	16	0	0	25.6	0	0	2.6	0
M0470	2013	6	0	0	7.6	0	0	0	0	0	0	0	0	0	0	0	0	0	0	0	0	0	0	0	0	0	0	0	0	0	0	0	NULL
M0470	2013	8	0	0	0	0	0	0	0	0	0	0	0	0	0	0	0	0	0	0	0	0	0	0	0	0	1.1	0	0	0	0	0	0
M0470	2013	10	0.1	0	0	0	0	0	0	0	0	0	0.8	0.8	0	0.6	0	2	0	0	0	0	0	0	0	0	0	0	0	0	0	0	0
M0470	2013	11	0	0	0	0	0	0	0	0	0	0	0	0	0	0	0	0	0	0	0	0	0	0	2.5	0	0	0	0	0	0	0	NULL
M0470	2013	12	0	0	0	0	0	0	0	1.7	0	0	0	0	0	0	1.8	0	51.9	1.8	0	0	0	0	0	0	0	0	4.7	11.8	19.5	0	74.3
M0470	2014	1	0	30.7	0	0	2.2	42.8	1	1.2	8.1	3.5	14.6	0	2.6	1.5	6.9	14	0	2.5	1.9	20.7	74.5	59.4	0	0	0	0	0	20.7	5.8	0	0
M0470	2014	2	0	0	0	90.2	30.8	38	35	0	0.8	7.5	0	0	13.6	33	25.4	73	0	45.6	17.4	17.7	0	0	0	2.1	15	0	52.4	0	NULL	NULL	NULL
M0470	2014	3	37.2	0	0	0	0	0	3.5	0	0	0	0	0	5.8	4.5	0	0	0	0	18.8	4.7	0	0	3.8	0	0	12.5	0	0	47.8	10.2	0
M0470	2014	4	0	0	0	2.5	2	0	0	49	4.4	44	0	0	30.8	0	0.6	0.5	0	64.5	26	0	0	0	0	0	48.9	0	0	13.4	0	25.7	NULL
M0470	2014	5	0	42.5	6.3	0	57.4	52.6	0	0	0	7.8	15.7	2	0	0	0	0.4	2.8	0	29.5	0	0	0	21.7	9.6	35.6	0	0	0	0	0	0
M0470	2014	6	0	0	0	0	0	0	6.7	0	54.3	0	0	0	0	0	0	0	0	0	0	0	0	0	0	0	0	0	0	0	0	0	NULL
M0470	2014	7	0	0	0	0	0	0	0	0	0	0	0	0	0	0	0	0	0	0	0	0	0	0	0	0	0	0	0	0	0	0	0
M0470	2014	8	0	0	0	0	0	0	0	4	0	0	0	0	0	0	0	0	0	0	0	0	0	0	0	0	0	0	0	0	0	0	0
M0470	2014	9	0	0	0	0	0	0	0	0	0	0	0.3	0	0	0	0	0	0	0	1.3	0.4	2.5	3	0	0	0	0	0	0	0	0	NULL
M0470	2014	10	0	0	0	0	0	0	0	0	2.7	0	0	0	0	0	0	0	0.7	29.1	0	0	0	0	0	0	0	0	0	0	0	0	0
M0470	2014	11	0	0	0	0	0	0	0	0	0	0.3	0	0	0	0	0	0	0	0	0	0	0	0	0	0	0	0	0	0	0	0	NULL
M0470	2014	12	0	0	0	0	0	0	0	0	0	0	0	0	0	0	0	0	0	0	0	0	0	0	0	0	0	0	0	0.5	7.5	6.7	20.3
M0470	2015	1	9.5	15.3	34.6	5.4	0	0	0	0	4.7	4.8	0	27.1	1.2	47.8	10.8	61.6	22.6	0	0	30.6	0	0	0	0	0	5.6	5.6	61.7	2.8	0	0
M0470	2015	3	0	75.8	0	0	10.2	0	4.8	0	0	0	19.2	5.7	0	60.5	0	33.6	4.6	6.5	57.8	68.4	0	1.4	0	54.2	5.2	14.6	13.6	0	0	24.8	0
M0470	2015	4	0	0	12.5	26.3	0.1	7.7	7.2	0	0	0	0	67	28.4	9.7	58.2	0	0	0	0	0	4.5	0	20.6	27.2	0	0	0	0	0	19.2	NULL
M0470	2015	5	0	2.7	58.6	29.3	0	0	0	0	9.2	0	10.7	0	8.6	13.6	0	42.3	9.5	0	0	0	17.5	0	0	45.3	8.5	0	0	0	0	0	0
M0470	2015	6	0	53.3	0	0	26	16.5	10.6	0	0	0	0	0	15.1	2.2	0	39	0	0	0	0.7	0	0	0	0	0	0	0	0	0	0	NULL
M0470	2015	7	0	0	0	0	0	0	0	0	0	0	0	0	0	0	0	14.3	11	0	15.8	0	0.7	0	0	0	0	0	0	0	0	0	0
M0470	2016	1	0	31.8	12.7	81.3	22.3	0	3.2	0.3	0	0	20.4	0	17.2	3	0	3.1	0.7	0	18.5	0	0	0.2	30.2	120.3	20.5	0	0	52.8	26.8	1.8	0.6
M0470	2016	2	0	0	13.6	12.3	0	0	0	4.8	0	0	0	0	16.4	3.5	4.7	106.7	0	0	0	0	30.4	0	50	9.1	1.9	0	17.9	18.6	5.7	NULL	NULL
M0470	2016	3	0	31.5	13.7	16.5	94.7	0.7	0	0	24.2	0	0	8.5	0	86.2	2.3	0	2.1	0	74.7	4.2	0	0	0	0	0	30.5	0	68.5	115.8	0	29
M0470	2016	4	44.3	0.6	0	0	0	12.3	12.3	5	42	45.6	0	13.5	0	0	0	71.9	0	0	2.2	3.3	0	65	0	0	35.2	2.7	22.8	0	59	2.2	NULL
M0470	2017	1	0	0	0	51.8	13.6	3.3	2.3	61.6	0	0	42.8	103.2	44.8	5	0	0	0	0	69.8	23.5	0	2.7	0	0	36	0	0	0	46.2	30.8	0
M0470	2017	2	10.1	6.8	0	19	0	6	13	0	8.4	40.8	79.7	49.6	0	0	24.6	1.5	0	0	44.4	0	33	0	0	0	20.7	0	0	14.5	NULL	NULL	NULL
M0470	2017	3	0	35.7	0	0	62.6	12.3	55.7	33.5	0	0	78.8	0	64.5	50.1	0	5.5	0	0	13.7	0	20.3	27.8	136.2	0	30.5	0	0	33	52.6	135.9	44.6
M0470	2017	5	0	39.3	0	2	12	6.6	1.5	0	0	0	36.9	0	11	2.5	0	5.5	7.4	1.5	0	63.6	6.2	0	0	0	0	0	0	0	0	0	0
M0470	2017	6	0	0	0	0	0	0	0	0	0	20.3	2	0	0	0	0	1.2	4.1	0	0	0	0	0	0	0	22.5	6.5	0	0	0	0	NULL
M0470	2017	7	0	0	0	0	0	0	0	0	0	0	0	0	0	0	0	0	0	0	0	0	0	0	0	0	0	0	0	0	0	0	0
M0470	2017	8	0	0	0	0	0	0	0	0	0	0	0	0	0	0	0	0	0	0	0	3	0	0	0	0	0	0	0	0.1	0	0	0
M0470	2017	9	0	0	0	0	0	0	0	0	0	0	0	0	0	0	0	0	0	0	0	0	0	0	0	0	0	0	0	0	0	0	NULL
M0470	2017	10	0	0	1.1	4.5	0	4.6	0	0.4	0	0	0	0	0	5.4	0	0	0	0	0	0	0	0	0	0	0	0	0	0	0	0	0
M0470	2017	11	0	0	0	0	0	0	0	0	0	0	0	0	0	0	0	0	0	0	0	0	0	0	0	0	0	0	0	0	0	8.9	NULL
M0470	2017	12	0	0	1.5	0	5.2	5.5	7.2	1.8	0	0	0	3.2	1	0	0	0	2	21.5	4.2	0	0.6	45.3	5.7	0	0	0	0	0	1	2.3	2.4
M0470	2018	1	0	0	0	0	0	0.4	0	0	0	0	0	0	9.5	70	0	28.6	0	0	5	0.1	0.1	16.8	0	0	0	0	22.8	5.1	1.4	4.7	0
M0470	2018	2	0	41.3	7.4	11.7	0	16.5	0	0	0	0	0	0	0	13.1	0	10.1	44	60.8	0	0	26.7	19.2	0	0	0	0	0	0	NULL	NULL	NULL
M0470	2018	5	0	11.7	0	28.6	0	0	5.6	52.6	0	0	11	17	0	0	0	0	10	0	0	0	0	0	0	0	0	0	0	0	0	0	0
M0470	2018	6	0	0	0	0	0	0	0	0	0	0	3	0	0	0	0	0	0	0	0	0	0	0	0	0	0	0	0	0	0	0	NULL
M0470	2018	7	0	0	0	0	0	0	0	0	0	0	0	0	0	0	0	0	0	0	0	0	0	0	0	0	0	0	0	0	0	0	0
M0470	2018	8	0	0	0	0	0	0	0	0	0	0	0	0	0	0	0	0	0	0	0	0	0	0	0	0	0	0	0	0	0	0	0
M0470	2018	9	0	0	0	0	0	0	0	0	0	0	0	0	0	0	0	0	0	0	0	0	0	0	0	0	0	0	0	0	0	0	NULL
M0465	2015	11	0	0	0	0	0	0	0	0	0	0	0	0	0	0	0	0	0	0	0	0	0	0	0	0	0	0	0	0	0	0	NULL
M0465	2015	12	20.4	20.5	36.5	44	3	0	0	0	0	24.5	0	0	2	0	3	2.1	0	14.5	6	4	5	4.5	0	0	38	0	98	0	15	0	3.2
M0465	2016	1	30.1	20	12.5	0	15	0	0	2.5	10.2	13.1	30	5.1	15.4	0	0	0	0	8.5	65.3	10.1	8.1	10.3	10.5	84	0	0	0	40.2	38.3	0	0
M0465	2016	2	0	40.2	0	0	0	8.2	0	0	17.2	0	0	4.1	7.2	3	10.2	9.4	15.1	10	5.4	34.1	3	0	48	0	0	0	39.8	3.6	10.1	NULL	NULL
M0465	2016	3	10.1	15.2	70.1	3	10.2	98.6	2.5	0	59.1	10.2	40.4	19.3	41.5	48	0	0	4.6	10.3	85.5	4.3	5.2	15	0	5	10.2	60.1	18.1	22.3	64	0	145.5
M0465	2016	4	17.2	19.1	29	20.2	4.2	5.1	4	10.3	129.1	52	0	117.5	2.5	0	0	6.5	35	0	0	0	0	0	0	0	20.5	0	23	0	31.5	0	NULL
M0465	2017	7	0	0	0	0	0	0	0	0	0	0	0	0	0	0	0	0	0	0	0	0	0	0	0	0	0	0	0	0	0	0	0
M0465	2017	8	0	0	0	0	0	0	0	0	0	0	0	0	0	0	0	0	0	0	0	0	0	0	0	0	0	0	0	0	0	0	0
M0465	2017	9	0	0	0	0	0	0	0	0	0	0	0	0	0	0	0	0	0	0	0	0	0	0	0	0	0	0	0	0	0	0	NULL
M0465	2017	10	0	0	0	0	0	0	0	0	0	0	0	0	0	3.8	0	0	0	0	0	0	0	0	0	0	0	0	0	0	0	0	0
M0465	2017	11	0	0	0	0	0	0	0	0	0	0	0	0	0	0	0	0	0	0	0	0	0	0	0	0	0	0	0.5	0	0	0	NULL
M0465	2017	12	0	0	0	0	18.1	0	14	0	0	0	0	2.5	0	0	0	0	0	15	0	0	0	0	18	1	0	1	0	3	0	1	0
M0465	2018	1	0	0	0	0	0	0	0	0	0	0	0	0	0	17.8	0	28	0	0	0	0	0	42.1	0	0	16.5	5	0	0	0	10.2	10.2
M0465	2018	2	14.2	78.3	0	7.2	41.3	10.3	12.9	21.6	11.5	12.9	0	17	7.3	8.5	10.1	12	11	31.2	32.3	14	25	64.5	4.5	9	12.1	13.2	25.5	0	NULL	NULL	NULL
M0465	2018	3	0	10.1	15	10.2	15.3	20.5	0	0	0	0	0	0	0	15.5	25.3	15.3	120.5	10.1	30.3	14.1	20.3	32.2	0	0	0	0	0	0	0	10.5	64
M0465	2018	4	10.5	9.1	0	0	0	0	0	0	0	0	0	0	0	0	0	0	0	0	0	75	0	0	0	0	0	0	85.2	0	2.5	0	NULL
M0465	2018	5	0	0	0	123	2.8	2.9	3.3	0	0	38	12.2	10.1	0	0	0	0	0	0	0	0	0	0	0	0	0	0	0	0	0	0	0
M0465	2018	6	0	0	0	0	0	0	0	0	0	0	0	0	0	0	0	0	0	0	0	0	0	0	0	0	0	0	0	0	0	0	NULL
M0465	2018	7	0	0	0	0	0	0	0	0	0	0	0	0	0	0	0	0	0	0	0	0	0	0	0	0	0	0	0	0	0	0	0
M0465	2018	8	0	0	0	0	0	0	0	0	0	0	0	0	0	0	0	0	0	0	0	0	0	0	0	0	0	0	0	0	0	0	0
M0465	2018	9	0	0	0	0	0	0	0	0	0	0	0	0	0	0	0	0	0	0	0	0	0	0	0	0	0	0	0	0	0	0	NULL
M0465	2018	10	0	0	0	0	0	0	0	0	0	0	0	0	0	0	0	0	0	0	0	0	0	0	0	0	0	0	0	0	0	0	0
